15 15
0.004444444 0.004444444 0.004444444 0.004444444 0.004444444 0.004444444 0.004444444 0.004444444 0.004444444 0.004444444 0.004444444 0.004444444 0.004444444 0.004444444 0.004444444
0.004444444 0.004444444 0.004444444 0.004444444 0.004444444 0.004444444 0.004444444 0.004444444 0.004444444 0.004444444 0.004444444 0.004444444 0.004444444 0.004444444 0.004444444
0.004444444 0.004444444 0.004444444 0.004444444 0.004444444 0.004444444 0.004444444 0.004444444 0.004444444 0.004444444 0.004444444 0.004444444 0.004444444 0.004444444 0.004444444
0.004444444 0.004444444 0.004444444 0.004444444 0.004444444 0.004444444 0.004444444 0.004444444 0.004444444 0.004444444 0.004444444 0.004444444 0.004444444 0.004444444 0.004444444
0.004444444 0.004444444 0.004444444 0.004444444 0.004444444 0.004444444 0.004444444 0.004444444 0.004444444 0.004444444 0.004444444 0.004444444 0.004444444 0.004444444 0.004444444
0.004444444 0.004444444 0.004444444 0.004444444 0.004444444 0.004444444 0.004444444 0.004444444 0.004444444 0.004444444 0.004444444 0.004444444 0.004444444 0.004444444 0.004444444
0.004444444 0.004444444 0.004444444 0.004444444 0.004444444 0.004444444 0.004444444 0.004444444 0.004444444 0.004444444 0.004444444 0.004444444 0.004444444 0.004444444 0.004444444
0.004444444 0.004444444 0.004444444 0.004444444 0.004444444 0.004444444 0.004444444 0.004444444 0.004444444 0.004444444 0.004444444 0.004444444 0.004444444 0.004444444 0.004444444
0.004444444 0.004444444 0.004444444 0.004444444 0.004444444 0.004444444 0.004444444 0.004444444 0.004444444 0.004444444 0.004444444 0.004444444 0.004444444 0.004444444 0.004444444
0.004444444 0.004444444 0.004444444 0.004444444 0.004444444 0.004444444 0.004444444 0.004444444 0.004444444 0.004444444 0.004444444 0.004444444 0.004444444 0.004444444 0.004444444
0.004444444 0.004444444 0.004444444 0.004444444 0.004444444 0.004444444 0.004444444 0.004444444 0.004444444 0.004444444 0.004444444 0.004444444 0.004444444 0.004444444 0.004444444
0.004444444 0.004444444 0.004444444 0.004444444 0.004444444 0.004444444 0.004444444 0.004444444 0.004444444 0.004444444 0.004444444 0.004444444 0.004444444 0.004444444 0.004444444
0.004444444 0.004444444 0.004444444 0.004444444 0.004444444 0.004444444 0.004444444 0.004444444 0.004444444 0.004444444 0.004444444 0.004444444 0.004444444 0.004444444 0.004444444
0.004444444 0.004444444 0.004444444 0.004444444 0.004444444 0.004444444 0.004444444 0.004444444 0.004444444 0.004444444 0.004444444 0.004444444 0.004444444 0.004444444 0.004444444
0.004444444 0.004444444 0.004444444 0.004444444 0.004444444 0.004444444 0.004444444 0.004444444 0.004444444 0.004444444 0.004444444 0.004444444 0.004444444 0.004444444 0.004444444